(40, 4)
['age', 'balance', 'salary', 'exited']
   age  balance  salary  exited
0   22      500    1800       0
1   24      700    2000       0
2   26      900    2200       0
3   28     1100    2400       0
4   30     1300    2600       0
             age       balance       salary     exited
count  40.000000     40.000000    40.000000  40.000000
mean   36.500000   3546.250000  4063.750000   0.450000
std    11.690452   3022.530514  2207.562396   0.503831
min    17.000000    250.000000  1300.000000   0.000000
25%    26.750000    975.000000  2275.000000   0.000000
50%    36.500000   2450.000000  3400.000000   0.000000
75%    46.250000   5900.000000  5675.000000   1.000000
max    56.000000  10000.000000  8800.000000   1.000000
accuracy: 1.0
precision: 1.0
recall: 1.0
f1: 1.0
